"lnC"	"lnw1"	"lnw2"	"lny1"	"lny2"	"ER"	"LA"
"1"	11.2787708632947	2.83398238818943	7.55177079144062	10.1861822084769	10.6854923214549	0.176687297821045	0.547818350417283
"2"	11.6731942646194	2.36290282051344	8.07632433318408	10.2250636766355	10.9368499559961	0.0983120441436768	0.568823493695481
"3"	10.9155054934367	3.09286850881388	7.89302241166803	9.8204319773988	9.99606673382922	0.0916910171508789	0.517013856159864
"4"	11.1526850840459	2.36445489748347	8.1369626573167	9.25320827220336	10.2318916145078	0.118326597213745	0.664346536548029
"5"	11.1384144016706	3.2067490213302	7.98018857334209	8.07620452723903	11.0203817048823	0.10031439781189	0.756405812888372
"6"	10.6805785991746	3.12438931196287	8.06862588072224	9.46125472023575	9.64717493983041	0.0941923713684082	0.522923071725396
"7"	11.8514102242974	1.95821183219516	7.79825844580707	10.6284240555855	11.5385639715252	0.0937713241577148	0.64811749842072
"8"	11.9551004523402	1.71676475805827	7.6255418927674	9.32482909846088	11.9270463369683	0.0983441352844238	0.781464341789935
"9"	13.7030764458155	3.48085350365314	8.46285416401344	11.3933420596205	13.4072986809379	0.0804553318023682	0.790637051977134
"10"	13.7052302345909	3.01594500018011	8.24104952004785	12.9992664982562	12.8342171972712	0.0981993103027344	0.423110527135668
"11"	11.3522855465197	3.2186807177085	7.81647322406093	9.96246375763643	10.9615382294481	0.0788583707809448	0.628586702742805
"12"	10.882909337093	2.13920756666337	7.77483778406173	9.15788851197376	10.3934163505891	0.130260200500488	0.66879737758656
"13"	12.7567572239377	2.24129587015242	7.74316864539785	10.8649619529856	12.9184217828238	0.0715710210800171	0.823019227431081
"14"	12.0218992582102	2.1453963507578	7.57126074805017	11.1424123566239	11.80120485899	0.0752560377120972	0.616867414171772
"15"	11.135409375727	2.49657610680628	7.5294976378478	9.96043483297788	10.9204377675095	0.092907600402832	0.635100212484925
"16"	11.6552107988843	2.58637714308821	8.18148948903437	8.37309184744198	11.4527613620987	0.108142700195312	0.829963332510665
"17"	12.6902739539661	2.26229847845734	7.81296788491847	11.391333936202	12.555362385862	0.0771356010437012	0.659568926222569
"18"	11.7958091715035	2.15837278657984	7.69552143045736	10.8678253153818	11.4989380962343	0.087699031829834	0.593391582722557
"19"	10.5020910498264	2.64878543662927	7.76665141884285	9.05333562316602	9.78007620762089	0.1072523021698	0.629692954334972
"20"	12.0806774634499	2.58954444890773	8.13150391358114	10.7660610019043	11.5196825841334	0.0949525833129883	0.615955949831753
"21"	11.5061554253337	3.02355791672991	7.85923542155389	10.5631555060219	10.679020846694	0.180207901000977	0.484484450988266
"22"	12.0690748127109	2.86839094563123	7.89393528654255	10.6078713650221	11.6937959694969	0.0714010906219482	0.658536585365854
"23"	11.5767761058464	2.8097561336018	7.67693288616349	10.5014170490139	11.2053127570296	0.112727403640747	0.612860739234091
"24"	12.7937083142631	2.25026993848865	7.87782916078045	11.7666214994188	12.2642896655155	0.114140796661377	0.526116069212671
"25"	9.56559073929251	2.85625786545702	7.85537869616715	7.07072410726028	8.47720418319987	0.116879396438599	0.681418439716312
"26"	11.582308477121	2.28484805407286	8.38168211316352	9.04676205799936	10.8552998564774	0.106765203475952	0.646783435912161
"27"	11.9608397880891	2.17734329171065	8.10391229520813	11.0097041880642	11.332434232111	0.151805400848389	0.484558281532041
"28"	11.8483894354383	1.80740879514505	7.88925814531435	10.1901315864122	11.3732955138838	0.0875967407226562	0.690359198253622
"29"	12.9160858651743	2.53887025785155	8.22384284677097	10.9279149430149	12.6271879807919	0.119583301544189	0.781740941787323
"30"	12.5048614331348	2.45784361502445	7.75539788312187	10.6467811200366	12.6928596428103	0.075824761390686	0.774129088123626
"31"	11.306953675926	2.73234327144855	7.89219102095194	10.4308457569365	10.5024339376972	0.0803020191192627	0.432187292240479
"32"	10.8797012673509	3.20428389987845	7.8751650050038	9.91704523046819	9.83916234197957	0.13303879737854	0.420530989326397
"33"	11.9095862089016	2.86697964813998	8.44457823846873	9.75799924578752	11.3291949160129	0.0803299522399902	0.767831109634797
"34"	10.4397755227607	3.83347111559912	8.58736920004743	9.48812361224872	8.75998249497728	0.195667591094971	0.251499368686869
"35"	11.4008428660128	2.2710144176675	7.9855327074683	9.47155012409685	10.8114638148062	0.0947406196594238	0.712544905877281
"36"	13.1349104388865	2.15781097229317	7.76618818207103	12.5482180450025	13.0010563899168	0.123521299362183	0.555388908047779
"37"	11.3792973660961	3.17340830820186	7.87334202304612	11.0457179230265	10.4600128555531	0.168155307769775	0.336928707306946
"38"	11.6040099782189	2.94214464758376	7.97143169341433	9.63743650021064	11.2286907767884	0.100583295822144	0.755620036345746
"39"	10.2033177328157	4.30057165663284	8.72430245150212	7.58731050602262	8.9600825281704	0.115387802124023	0.634918046155101
"40"	10.3121694017415	2.30533797079329	7.35342862172865	9.36306145899385	9.70228893997248	0.0928827953338623	0.506534935579782
"41"	12.4783038536443	2.19301852630982	7.9623341903169	12.0968881611479	11.9036829442061	0.113258199691772	0.402972745291018
"42"	13.1787390770527	1.90359659649956	8.26459614978147	11.4584798387805	12.9332008746058	0.110493202209473	0.720293669193976
"43"	10.5089554333509	1.70791422255877	8.17205526575553	8.18979961872823	9.76738141953914	0.1228244972229	0.726746606711633
"44"	10.9991231645129	2.2740955599563	7.72583327974257	10.0427711196385	10.4397762237386	0.214183197021484	0.511350720823114
"45"	11.7630732939542	1.88917697653041	8.08380352233987	9.29972393311087	11.4287609409375	0.0724480009078979	0.81338535998372
"46"	11.7371765891245	1.71318009069875	7.9446633944235	9.95118187839879	11.4594191974471	0.0795363807678223	0.735393376106504
"47"	12.7397643027712	2.29098207117923	8.19643551854757	10.9656260185571	12.548455948752	0.102687902450562	0.783972076944274
"48"	12.1937004692428	2.14774569063147	7.72457013042616	10.8881096037865	11.9478134437516	0.0879672431945801	0.686109828027288
"49"	10.8249493193952	3.44133940475383	7.92499868497153	9.06253617720779	9.90323752128092	0.114891500473022	0.62990265570362
"50"	11.94627806769	2.31161132188536	7.53976895567053	11.0294231368531	11.7571727575489	0.0842427730560303	0.63387386671698
"51"	12.395808471951	2.93561358166505	7.91090478920522	11.0362435857711	12.1197246847949	0.074321460723877	0.681902659143454
"52"	11.4224949994389	1.5063230311279	7.88032721742103	10.3703612887729	10.6634752900149	0.131108903884888	0.508882992015422
"53"	13.0972966596897	2.19758485984142	8.45082260859266	11.6198048265973	12.5560144728277	0.180000400543213	0.645304101066878
"54"	12.9163807145327	1.81791772111208	8.28386321964556	10.5458413137502	12.7511605558992	0.0950539875030518	0.811751084838616
"55"	11.3242928421997	1.99681659399847	7.59970242869195	10.1113956312076	10.9875106005609	0.107094697952271	0.653049278819606
"56"	10.7041312070456	2.83530103340775	7.76858783471821	8.12058871174027	10.0946862572677	0.150745000839233	0.780945623427724
"57"	10.2999750823005	4.03798067765733	7.74416098701967	8.88461023188687	9.49039341726347	0.139207201004028	0.599411098527746
"58"	10.9753855435095	2.85770812950873	7.66742298335843	10.128988323424	10.1487447840954	0.08242018699646	0.466779896267076
"59"	13.1249190761288	2.67021295517092	7.90427209868883	10.7829690612763	13.1710697285377	0.123165903091431	0.862088728682043
"60"	11.9000205736124	3.30470625283215	8.07398574950718	9.71480581258949	10.7629962703113	0.0607914590835571	0.683271138881657
"61"	14.1804965994594	2.75734780352995	7.78776479781208	13.2945571542686	14.6228507823086	0.14970609664917	0.671924629636845
"62"	11.6013472572057	2.63625703196711	8.06800425887043	9.99442454752823	10.9244805834911	0.0766797780990601	0.638545764037449
"63"	12.4456627711456	2.87681224752462	8.06652270411183	10.4799885509768	12.1572027281805	0.0815596199035645	0.689906110088819
"64"	11.9292559141294	2.49361670664325	7.95908127662124	10.3525866976644	11.6326621465726	0.0837815284729004	0.615475338942793
"65"	11.7682771579569	3.3499425927618	7.77182637565165	10.7557516322454	11.3029942451282	0.168033409118652	0.562870176851665
"66"	11.4958273491299	2.6785665610655	7.74249252205318	10.4106063143708	10.8063282366859	0.0664151906967163	0.558825528444233
"67"	10.9986196936462	1.96557030450646	7.21872727493564	10.5138236135709	10.7513923715438	0.0718502187728882	0.537323222443414
"68"	11.064877008524	2.55988656217956	7.33026948277857	9.04899722156742	11.1247598539401	0.0973740005493164	0.831953490083526
"69"	11.453109199503	2.856661342539	7.62575401648597	9.63639211369274	11.1190084205611	0.130534801483154	0.742464275491556
"70"	10.1694624977247	2.45030766806867	7.47731185454347	7.88231491898027	9.98631100573524	0.085138053894043	0.808476594477934
"71"	10.6212661739972	2.42873499690134	7.77763689018461	8.07930819205196	10.2279595014348	0.0765177011489868	0.814520402755697
"72"	11.6262272138781	2.49088888560787	8.12926209146045	10.7015576530229	10.9368855362206	0.107906303405762	0.397095183599655
"73"	11.7778766721223	3.65357487658823	8.24236494253877	11.7554009445839	10.6400772909389	0.109642000198364	0.21212444336121
"74"	12.6446082230507	2.13295723278308	8.05698549313158	10.5360616724503	12.6059655912698	0.106847200393677	0.786247591839532
"75"	11.4240170029865	3.18936824292339	8.36641887204214	10.0199363651794	10.6368645523151	0.0929999256134033	0.580093334262032
"76"	12.8373192212103	2.90099617941848	8.078150275295	11.5885244678421	12.561461262505	0.0922046947479248	0.629704906166693
"77"	11.2893483841635	3.56528072300884	7.54205504540426	9.76812591460545	11.1501318400233	0.0854921245574951	0.738049774043664
"78"	11.3601847367713	2.11695265418095	7.93989880199668	9.20803772291351	11.0102002772381	0.0855513286590576	0.732459858080453
"79"	11.2903889954121	2.76458272967741	7.9042956806534	9.21900274505484	10.7610892880616	0.0603423595428467	0.792077544643607
"80"	12.4122089190584	1.8338546752283	7.92424357777703	11.1259091269305	12.1789172527848	0.175417098999023	0.674533369374614
"81"	10.8940570965774	1.68271441461648	7.676871378862	9.66529381317554	10.3929873895874	0.0715546894073486	0.606449214756993
"82"	10.8773467056371	2.8824031127824	7.59787925193736	9.68477168454907	10.2569573655259	0.106216897964478	0.571520308235672
"83"	12.0235105987034	2.95901869598402	7.81658236773628	10.8064701223465	11.6234824555349	0.153951997756958	0.595638702383301
"84"	13.5423613735477	3.78732375528789	8.19616871266012	12.3303147762473	13.3679711089774	0.0920394706726074	0.697552016378093
"85"	11.77852256994	2.64742903369629	7.81949385299109	10.2117072762055	11.5020262841012	0.10874119758606	0.739514645852958
"86"	12.135141389494	2.28461201125642	8.04695822151368	11.0315777340238	11.650458838974	0.124112901687622	0.600514978333229
"87"	10.7294649591822	2.77775356967637	7.90517721920285	6.71538338633468	10.9008973356951	0.126479501724243	0.90396092421565
"88"	9.40193097486301	3.13169198773662	7.76422613466961	7.23273313617761	8.42376124662369	0.110232801437378	0.666666666666667
"89"	10.5320861145159	3.08817981014856	8.44695908023493	8.51819269174932	9.41205597587677	0.106694002151489	0.545280328014975
"90"	11.5973202827304	2.05402346726949	7.93013398186003	8.03883475778775	11.9128351703647	0.0755706405639648	0.899090476219178
"91"	12.040139037796	2.81954812094039	8.19357263525503	10.3507341946592	11.4520495615852	0.157363195419312	0.66688874083944
"92"	12.762991184309	2.55634362065733	8.14165163303216	10.84762688723	12.427743112388	0.111372900009155	0.757059371199646
"93"	12.8104202616565	3.09624839429001	8.21169465807033	11.6731377361761	12.3191691610307	0.120647001266479	0.576582236113757
"94"	11.7192211232423	2.36701549257067	7.81075836004378	10.2232495184513	11.1282184099466	0.108410196304321	0.672034517485832
"95"	11.3785662734515	3.07896473683161	7.85057951355318	9.10520205385288	10.7392187765519	0.100361299514771	0.761082971737803
"96"	11.3161319543816	2.78710421063324	7.79560845767916	10.3883490056243	10.3800632881022	0.19557430267334	0.450553908129581
"97"	12.6879122204693	2.60604315700075	7.76083790400067	11.7827770142495	12.4529600668379	0.0826604652404785	0.598293973988946
"98"	11.5062056165321	4.59895674105656	8.07940333391962	11.3771057418277	10.2365611632225	0.170921897888184	0.220507471414235
"99"	12.4111311114997	2.29888118230347	7.59036915145848	11.1021864743594	12.6050601525397	0.103881902694702	0.733467856044294
"100"	12.4716968087511	2.51753224938401	7.74063963213952	10.7410380614685	12.668522819121	0.119266901016235	0.829897984781336
"101"	12.0365119172138	3.58830782965435	8.12972224607972	11.4655927382227	11.2661037863014	0.0834762287139893	0.403528706898333
"102"	13.1639038353548	2.75248736431633	7.93636416835841	11.6470804131436	13.2514792861117	0.0887251091003418	0.781082758298758
"103"	11.1042091484981	2.02195537942135	7.79097292715866	10.2828482185582	10.4413542486132	0.102632398605347	0.501405522532283
"104"	11.0313154764285	4.1280647296143	7.76386759675763	9.20923976653215	10.420643099997	0.131239995956421	0.687989663234751
"105"	11.5245443771659	2.09196442182208	8.12639158677999	9.64588194766682	10.5482319938679	0.101907300949097	0.640978202368138
"106"	11.2758557913562	2.57184636439932	8.01506890096775	10.8258995114152	10.3500306224021	0.0874118518829346	0.311766289983144
"107"	10.9485883242255	1.8355603059226	7.68113883925213	9.19684978179368	10.4916074952284	0.0918910217285156	0.723001867132446
"108"	12.0600945911954	3.23372217973464	8.24871979006049	10.1401789163956	11.4832082501821	0.117326002120972	0.66892231785387
"109"	10.6080269863148	2.5064029912598	7.80554188211253	9.07463518981081	9.93808219730063	0.10372989654541	0.585024018084205
"110"	9.6029668289677	3.36941326737889	7.66901685667643	7.37775890822787	8.81818627792769	0.0702731084823608	0.709663865546219
"111"	11.8287591170938	2.43211754739434	7.7506114632345	9.7242412622591	11.8033238449162	0.118846702575684	0.848109616848516
"112"	11.6016368838567	2.91382307457932	8.19243222416215	10.6403166341822	10.3614186005476	0.117647104263306	0.344273362806804
"113"	10.7623950321322	1.42471475016592	7.61465117575549	9.98252975987608	10.1640424888485	0.0877677822113037	0.508672899394367
"114"	10.4091858634966	3.25136969802707	7.86054794416579	8.9169084675438	9.50106780261392	0.153685903549194	0.535817307692308
"115"	12.0483538374586	2.04629987452612	7.71764597974527	10.9926722070547	11.7457103885237	0.112031497955322	0.618287365894283
"116"	13.6534813630605	2.46730629356885	7.88594163583902	12.9405297015771	13.8307321199503	0.0847245025634766	0.630679192403063
"117"	11.3622569881673	3.02467283124451	8.03828009999886	10.0390231853288	10.5636982328498	0.075017237663269	0.567748749468249
"118"	11.1134699568943	2.91400214533883	7.67490752675286	8.74001669151952	11.0560196831937	0.100478601455688	0.881017307585286
"119"	10.3620066046434	3.43995429918065	7.68464234620401	8.51699317141357	9.71733868090779	0.110023603439331	0.663297511086253
"120"	11.1066772700286	2.67970479915677	7.9506233317326	10.7265000388287	10.1803993330585	0.142004899978638	0.349755392631286
"121"	11.7353258321399	2.10656893986608	7.9808218734435	7.96935774201635	11.6262005774137	0.0933367252349853	0.769009983932323
"122"	11.5374291523915	2.2290235505803	7.5309399023403	9.89867599553891	11.0424417204876	0.0778641510009766	0.669811826515842
"123"	11.6536887925644	2.51297339856034	8.06385625576832	9.39540815443816	11.192182866392	0.111604795455933	0.780695902909279
"124"	11.262733993291	2.57682010633395	7.65364859110245	9.46242117318499	10.7527192561283	0.0885592746734619	0.683971855297611
"125"	10.255840365816	3.67983173205308	7.85163255730206	9.36563325638222	9.02773877597491	0.141878995895386	0.354314634457534
"126"	11.9145913002768	1.51140764824993	7.77414114979179	10.5213992024102	11.3357705381276	0.174477005004883	0.610105174222119
"127"	10.114418681223	2.34724453022834	7.96436746722663	8.75384509275524	9.01335177813882	0.0950094890594482	0.458412414871051
"128"	11.4684849194216	2.65784273127559	7.9512007606206	9.51672152186045	10.806571456923	0.124872999191284	0.74805572821127
"129"	11.0396256933583	1.5019657004773	7.59712979159095	9.83048665965164	10.7336973834844	0.139188404083252	0.655249739334124
"130"	10.0422380264976	2.77006989209661	7.83252832636226	7.62070508683826	9.45805945585643	0.0914556789398193	0.706657841028187
"131"	12.7381611150824	3.65230847316977	8.07710619452178	10.1612257486148	12.629564294823	0.0954022693634033	0.799640307544903
"132"	10.5571994539247	2.05605707355702	7.83315962238551	7.81035268372429	9.97095926765114	0.0824834537506103	0.832853250291942
"133"	12.2874751176748	2.46970126617694	7.45139824286539	12.2537431354793	11.9180305082628	0.189039402008057	0.402758005683619
"134"	12.1281245935773	2.3457724389887	7.80156363184085	11.3007713084556	11.8557489184182	0.0861842060089111	0.556900783816153
"135"	10.5043823559401	2.23093808213629	7.68767099711305	8.00636756765025	9.98792060851096	0.0904203319549561	0.590909090909091
"136"	12.7307269497043	2.34722382032679	7.80517882092006	11.003465574832	12.6648415256606	0.113949003219604	0.779731058393891
"137"	12.8757701074982	2.4582169664599	8.06717078882741	10.8515869809249	12.5252715534809	0.0857418060302734	0.740377553408715
"138"	10.4546352492109	2.9961220508944	8.20652849403871	8.83651926920248	9.42553239350277	0.0763744592666626	0.485951643873193
"139"	10.9668057149364	1.74893289545459	7.67420461327836	10.4477286098415	10.143094829881	0.0819772911071777	0.390525361483735
"140"	12.6428854389912	3.01404164809724	7.86314851280203	11.2832858599123	12.0937658379283	0.0854053211212158	0.637114710159391
"141"	10.860568857028	3.58992286637004	8.21333737718673	8.11880299698004	10.2434536784116	0.0874235725402832	0.684432319197135
"142"	12.1604430449767	3.17583241443841	7.95465837155956	11.7116451675738	11.31246030394	0.0706525802612305	0.380585423022546
"143"	9.88385022070703	2.44076152663621	7.29382879097308	8.78216942633238	9.18850367736701	0.129640102386475	0.551957576441386
"144"	12.1729127884115	3.2521538623078	8.13310971054044	9.31470038730042	12.1627475207918	0.103351697921753	0.834095481982806
"145"	11.4891229833591	2.00822104437327	7.32085503636883	10.6608763351575	11.3886426011235	0.104879503250122	0.593313939817396
"146"	11.9061781467882	2.72003545434092	8.09827717249535	9.46660917372222	10.864751650053	0.29832239151001	0.659687184661958
"147"	11.3017318981786	3.34110643682762	8.14001154008448	8.67214355141406	10.5860034204274	0.111817302703857	0.66021085643746
"148"	12.5882540986707	1.83599284502054	7.80534218388836	11.219734915344	12.4165766532979	0.200106601715088	0.609419513471613
"149"	11.3293360157141	1.79835123882363	7.38647674122558	9.70795916825489	11.0078499442959	0.12935959815979	0.705561856212513
"150"	12.0615692971996	3.25295511158652	8.39598418569352	10.1824441686695	11.5012171898381	0.087518253326416	0.644268877763872
"151"	10.4112833193135	2.17374536238195	7.13384633243628	9.62859007444377	9.93668051989189	0.0759451484680176	0.492215027140272
"152"	12.5452279024393	1.77231462869266	8.18130103148639	12.7368714702791	11.6782873494391	0.0651889085769653	0.244550662874862
"153"	11.2023462314721	1.30578069487399	7.70897983997598	10.2039624467867	10.8319242229538	0.104186697006226	0.585172680918961
"154"	12.5786244147261	3.06931186272806	8.28815793158232	11.8175162755749	11.6865005493159	0.0880141258239746	0.403115670187638
"155"	10.4983881920315	4.46408807081506	8.22747902487861	9.36074117264371	9.15567297063387	0.0796490621566772	0.407190779287803
"156"	11.2481412781534	3.7107380667061	8.11500554986765	10.0874743886491	10.5428119263986	0.121511001586914	0.501880197023463
"157"	10.9358055534149	3.04548822060744	7.49906650863591	9.49016666846238	10.2593071307539	0.0748809719085693	0.606763305560279
"158"	15.1729186304991	2.19939188630755	7.26257330269237	15.4051099824592	15.6928671267852	0.0649307203292847	0.50320420830649
"159"	11.9658616291424	1.50935894688458	7.45836268909447	10.8493953373824	11.9466605192117	0.119380798339844	0.671352616648393
"160"	11.0661212775302	1.12423692891739	7.88258411559639	8.15737044118677	10.8742285901891	0.110887498855591	0.836616013563834
"161"	11.4298730095376	2.56096448566491	7.58543751784859	9.53553496868773	11.3569965383322	0.0848030281066895	0.805228782774003
"162"	13.3012473825464	2.175349210907	8.32821341252462	11.8267941553816	13.2210261129264	0.131965398788452	0.74390656531275
"163"	11.4336801369536	1.81715019497701	7.58880236488991	10.2273448399312	11.1363976067567	0.0908144855499268	0.649239822514877
"164"	11.7387200869722	2.4158690626185	7.62302910434498	10.4518112527222	11.5030367322199	0.0834500503540039	0.689954080175039
"165"	11.1513500912491	3.56212546451648	8.40582189410203	10.0153419373103	9.85665796517933	0.168114604949951	0.40940000429028
"166"	10.6558749964989	3.01628082114986	8.37016786252893	9.54609806765953	9.05216493701031	0.155770998001099	0.361461597086968
"167"	11.6010037439026	3.2576162883549	8.30968880053054	10.3210459083317	10.5840559508892	0.0729389476776123	0.505897872667427
"168"	11.4257183907865	4.39683318346096	8.43754358826241	9.29468152040993	10.5190244812683	0.0682231712341309	0.595974559214234
"169"	11.0050185183973	2.08495442328321	7.5337806072051	8.91985437219167	10.6858125117421	0.0992459011077881	0.646621321898566
"170"	11.3757911135384	2.57594212604153	8.26422600426188	8.29379960884682	11.0165778603849	0.117691402435303	0.834338422740605
"171"	11.0371097683646	3.51347750458852	8.47275866800905	8.85922139360813	9.83021769060835	0.165955791473389	0.619401492935217
"172"	11.8784456448607	2.49432994726005	7.6445648016582	11.1520560221219	11.5505872713518	0.103095197677612	0.545015562425534
"173"	11.9647856886643	2.50833764318232	7.8846573373013	10.8391494460895	11.4936508982255	0.0948263359069824	0.546864024084295
"174"	14.1101381958926	2.91703369250937	8.09847979042704	11.9923223392326	14.0567635392188	0.0872740268707275	0.76459793286807
"175"	12.2275324613467	2.4964931459391	8.22958910107995	10.991493795417	11.7592932342377	0.13326530456543	0.607459284934239
"176"	10.4702366646558	3.27542964705836	7.93678332718582	8.33447155460094	9.62026220080129	0.0900413131713867	0.536650520017096
"177"	11.3769040827281	3.0658057368926	8.05890735742871	10.0811733809256	10.388410581979	0.0831281471252441	0.52963621243498
"178"	11.1074082560696	2.26576987009925	7.78751734043209	9.31072854600745	10.7041429408114	0.121225299835205	0.742692301278951
"179"	12.3246024877037	3.46935956069347	8.26643879404844	10.8225145374532	11.4931818359336	0.120095596313477	0.60247515930612
"180"	10.4628231320216	3.24491815547243	7.70168624977596	9.24503161176611	9.73281784848262	0.123937397003174	0.580347616589227
"181"	11.2193847346737	1.57026833908078	7.71023784322552	8.62604759632832	11.1422385241979	0.0713203716278076	0.850105299456877
"182"	11.5641123539358	4.09874517776246	8.05423623898174	9.30082072510456	11.1248630477899	0.135225496292114	0.75357698289269
"183"	12.0229280263002	2.46037142114605	7.62075395382689	10.2628040046183	11.8822105656236	0.109954595565796	0.747656306525132
"184"	12.1692161998792	3.21950313124908	8.18908576191713	11.0344218126664	11.6386149399755	0.139455099105835	0.61934958816718
"185"	12.4390853990086	1.43026525471269	7.49076525135649	10.6897607110856	12.1877508213037	0.07842453956604	0.751556741158055
"186"	10.536853609063	3.4856870156624	7.73840611611229	8.74592112102435	10.0110406627009	0.0820566654205322	0.667695997601559
"187"	11.8451867391644	1.99718411373479	7.78620302656169	9.47208906240146	11.9343623425881	0.106935901641846	0.819933615583661
"188"	12.4188394213163	1.95784826543445	7.71726529939719	10.7707981021886	12.2510412310468	0.0745098400115967	0.743176562116998
"189"	9.75675510103386	2.12193289877049	7.41281554623046	8.42244285487043	8.97739897818186	0.081276683807373	0.573351668234783
"190"	12.527622282955	2.62942711723019	7.68069474840085	11.5075108322687	12.5241117452464	0.0922200107574463	0.66130984028157
"191"	12.5961448168102	2.27423661746457	8.03803475477545	11.2616267508516	11.9732448529578	0.0703080177307129	0.554134202464715
"192"	10.2597252348542	2.63159802791648	7.88909339994426	9.40393152102837	9.09369418985686	0.142913999557495	0.393865628042843
"193"	10.3574833360151	4.08494500720098	7.88373153445692	8.65521448931361	9.513108081846	0.0860317039489746	0.611299281940117
"194"	12.6919907235284	3.12796950647667	7.84552925731228	11.3226120582467	12.6044191430117	0.0688358402252197	0.644160382683237
"195"	11.4264808817617	1.85016822344335	7.96608713989604	9.98211387299132	10.962180217203	0.142007102966309	0.67266384309333
"196"	12.0761228361853	2.1179469238232	7.90330255325588	10.6587171153926	11.7437831854242	0.128523302078247	0.70101004479813
"197"	12.6828485161038	2.62979037825225	8.42029072688901	10.9234714107468	12.3451604476804	0.0730694484710693	0.708545269582909
"198"	11.5260795574916	3.27898317470027	7.98644193160285	9.60278778300304	11.089087606804	0.0789294195175171	0.697376832594613
"199"	12.6882138312644	2.24534414354452	7.92222946408965	10.9890652589338	12.5756618403998	0.108245801925659	0.656607523259217
"200"	10.7221311099859	2.19348530036306	7.63642584395404	8.46231452990625	10.5333487605253	0.0773244380950928	0.802903943204174
"201"	12.5586661310913	2.5842671618849	7.87512035280957	10.7230250639234	12.1580424425171	0.11898509979248	0.6284236414226
"202"	16.2516485732173	2.71926343057527	8.06109128066554	15.3021738725979	17.0541890101287	0.166159801483154	0.661056650642535
"203"	12.9531087692494	2.41593769098506	7.70037760125721	11.2825180958928	13.0318761484523	0.0758137512207031	0.808692403575122
"204"	11.6371951602922	3.7136063242016	7.51707685649633	10.7227386098918	11.1125523705276	0.133025302886963	0.562942115433084
"205"	12.2512742603266	2.58994414358683	7.8351379913675	10.2972174044259	12.1950015868962	0.0804309844970703	0.783814735707521
"206"	11.6471121237327	2.42803500362188	7.73334219723718	10.043292972227	11.0267924537946	0.0979134559631348	0.657388404309903
"207"	13.0674151731798	2.92598764465927	8.27087745976365	9.9446294958673	13.3962821689392	0.0795307111740112	0.891551497615719
"208"	12.0806851522781	2.8960798156228	7.60317095887403	10.8845730227214	11.7021481540775	0.108691596984863	0.639402037306522
"209"	12.26929705233	2.7196666298602	7.50897298052821	11.1744692615878	12.1625020854954	0.181191005706787	0.620784795598453
"210"	12.2263224170185	2.30745798792934	8.12318828621685	11.3675296822779	11.6876599794767	0.155567798614502	0.518383905214178
"211"	11.5774373089194	3.27659600386353	7.95909282032511	9.87483084328632	10.960548414046	0.136195201873779	0.642445754085186
"212"	12.2975888384477	0.886109432412705	7.71906158415699	10.6938068148483	12.3643533564543	0.0739771604537964	0.802517511260297
"213"	11.6269802807731	2.11160491390834	7.61262855134703	9.86303007490485	11.5318845993714	0.0831820583343506	0.783929725239223
"214"	11.0016046449215	3.47465977964874	8.0874877076545	8.57319538153152	10.3090859850895	0.171525802612305	0.750869641382417
"215"	10.5593304215025	2.53223446242904	8.29539112995777	9.17843682296317	9.43986353025443	0.0966775894165039	0.443223056054681
"216"	10.9649134718177	3.51736881752914	7.51096099736161	9.9713330994312	9.7932819852151	0.157032203674316	0.424207260757335
"217"	12.2542286096918	2.83036374926336	7.40634177800534	10.3235456629472	12.2856875694096	0.100034599304199	0.787670709752505
"218"	11.4207632248219	2.03439473803812	7.56790816444668	10.205848855957	11.1400775841461	0.0948209095001221	0.66676669893514
"219"	12.0190897195496	2.69181004859892	7.6972451299137	11.2937490342171	11.7446322469449	0.0717182111740112	0.564270688806338
"220"	11.8270156408241	2.26217595833817	7.78435504413687	10.1566169993406	11.7149107505255	0.0728272676467896	0.644735247788683
"221"	11.228344666661	2.74806255595128	7.71747319798208	9.64004270444839	10.6712782760918	0.115882396697998	0.542588815872296
"222"	11.3434103364582	2.0215570519988	7.77537521291925	9.01054706927019	11.2473309889825	0.113267498016357	0.780303878367239
"223"	10.8888252810386	2.39615646150782	7.96256619344997	9.28739400141847	9.92333919823873	0.112347297668457	0.584991684349372
"224"	11.3260459520814	3.22102888140595	7.80771215689493	9.865370230423	10.6009006212431	0.103421897888184	0.590472130761994
"225"	11.1359381056654	2.18857940701258	7.88065124213837	8.32239411311117	10.8439244062384	0.089798583984375	0.816846604047395
"226"	10.5344622556337	3.54329269224834	7.75468847085602	8.36590507720246	9.63639211369274	0.0733950901031494	0.4977084349098
"227"	13.8574546330083	2.85513521213659	7.84375738245893	12.951935608262	14.0363354232024	0.0593901300430298	0.623832288781519
"228"	10.9607197235946	2.34736884594513	8.09728828039312	8.84606519069288	10.3158620689452	0.176437797546387	0.702495290807191
"229"	11.5532595090368	2.49469506557455	8.23975072369963	8.51859221232995	11.1328502872455	0.0819303512573242	0.831228347413846
"230"	11.0641438651694	1.66452890829259	7.6535546463161	9.04251326133268	10.950490707471	0.0863052654266357	0.791032137155549
"231"	12.5642210069342	2.52063545004888	8.18793688447043	11.2149236601116	12.0687397506291	0.11117730140686	0.633633426256738
"232"	11.1410305470615	2.30542309887578	7.35378647972082	9.54165648144802	11.0482993509371	0.0918056106567383	0.709830102571054
"233"	13.1809355884802	1.59438059882584	7.70804816287761	13.1186986705616	13.0985521263008	0.0964352703094482	0.397711490040412
"234"	11.9614678589413	2.86564183795111	8.0814736214989	11.0135836491455	11.4868176013844	0.0934255313873291	0.546785726312481
"235"	11.8026362326001	4.06900085666657	7.88576617572993	10.151869908714	11.4317262554729	0.0953265953063965	0.719954710498575
"236"	12.2713256326755	1.54455938824055	7.70396323435712	9.85807168900565	12.6415559972461	0.0875017261505127	0.838176163892557
"237"	10.7864425025285	3.21846383127413	8.1052004287684	9.38404154647653	9.70063670448968	0.0857855701446533	0.522262026612078
"238"	11.5471377614351	2.81589476618519	7.82426652101626	10.5005092209987	11.071190485689	0.0977098655700684	0.587538610567872
"239"	13.2464059538448	1.82903002898221	7.77819582740963	11.3952111769507	13.7196998529181	0.10189769744873	0.838529871558482
"240"	11.9629591413684	3.25112705448618	7.90312644477745	8.90082160491523	11.424607780587	0.0846858787536621	0.79670516156544
"241"	12.9771476086381	2.62897313465217	8.11050013264715	11.5549115816373	12.8350199142846	0.118106899261475	0.727600874377142
"242"	9.84618631875112	2.71001691521499	7.53555431927002	7.9536697786498	9.38546945818863	0.109334802627563	0.600837157698321
"243"	9.5661610315961	3.29053866801507	8.24685126656034	7.80343505695217	8.04141290939305	0.20674690246582	0.434910414333707
"244"	12.8545546053859	2.53220480206862	8.28383585873579	11.6047386282427	12.5455795585738	0.0787981414794922	0.663047481443708
"245"	11.7202926872668	2.96263737962415	7.73510601321669	9.57623270496452	11.1565076308331	0.0730525016784668	0.767901207488402
"246"	10.7367200478853	3.54362357985456	7.58020519943888	8.20767442435528	10.5462094829018	0.0989598846435547	0.873257869721948
"247"	12.8815154115307	2.41783048829781	7.79405837146098	11.4538758521757	12.8577700303773	0.111272001266479	0.747839355207081
"248"	11.5124514536027	2.41016541475547	8.11468575676234	9.47631350126575	11.084631755922	0.0894104766845703	0.699335672966505
"249"	12.6191453664234	2.37485369167215	8.07167241568349	11.6933118171297	12.2142689637547	0.138481197357178	0.588881555507532
"250"	12.0224969360216	1.91975580845621	8.12023295574093	12.3029225484432	10.8784433404724	0.066255259513855	0.178601865481849
"251"	12.2917258906241	2.6526332937501	7.55236622060189	11.2745286721932	12.1179570227218	0.091637020111084	0.61123942778182
"252"	10.8834874339465	4.39766122948526	7.72504674226123	9.96128465126234	10.0496204614841	0.169649505615234	0.490246743619612
"253"	10.1913729834427	4.00164560060195	8.40567298400838	8.67897184697886	8.87038206607014	0.152920198440552	0.422057515564779
"254"	11.886092069565	2.92954429912133	7.96588503744946	10.0952642681008	11.7595355116465	0.110082902908325	0.681391237673319
"255"	12.7211546371393	3.48536284162266	8.58704983903602	11.5910524927463	11.9593277609636	0.100632495880127	0.541311607155229
"256"	11.9859669897891	3.41803143751391	8.33016239606079	10.6076735802113	11.3876456485435	0.123568696975708	0.614119350415214
"257"	12.1902347995928	1.80749190772503	7.46297982065042	9.36185901961509	12.4021121791523	0.0768130397796631	0.848955880043963
"258"	11.2693757835832	2.97537044455363	7.88713186025123	10.2628389116783	10.4384300134095	0.107940397262573	0.493881978594157
"259"	11.4585851172316	2.53993036443584	8.00513775728886	10.7097848310287	10.5935549955691	0.212555809020996	0.403258264483704
"260"	11.257073490871	2.22045252843712	7.56942136610068	9.74934520600748	10.9984431637007	0.108002901077271	0.698833348919854
"261"	11.7153008270647	2.2324979822977	7.52839798682117	10.1179132132306	11.5813968671824	0.0816701316833496	0.699832699420983
"262"	12.6746247118202	2.90280066659105	7.88779453142828	11.0616729299614	12.8253768188301	0.0792770004272461	0.790232458220692
"263"	11.9609977911022	2.74571519763451	7.76624613128047	10.6548328839998	11.6520002147609	0.104202995300293	0.667322834645669
"264"	10.818515743405	2.7991163637765	7.85220511036429	8.92678311410135	10.0568522092424	0.204824905395508	0.546082679470664
"265"	11.4218319160087	2.50780363930918	8.06885482320528	10.3653960040675	10.6705355409356	0.117846403121948	0.456093531579616
"266"	11.6842094908388	2.27574375563953	7.68393686285079	10.2462968106132	10.8783113085959	0.0976305770874023	0.566588647706991
"267"	12.7915026158086	1.99414323746337	7.92022541230653	11.3722716249726	12.8577986937893	0.100447597503662	0.735102851571554
"268"	11.2149961384362	1.76307344454645	7.54661755854284	9.77701688848218	11.1182519179403	0.0734064912796021	0.734391857284526
"269"	11.9807755718387	2.70971001604981	7.72951609172779	9.65464150386955	11.92459130872	0.0987396335601807	0.825654799676156
"270"	14.3187518218298	2.63969823590174	7.74758538863805	12.7762665728634	14.9306354271323	0.080846004486084	0.803648308133926
"271"	11.6417213771237	2.15597806336625	7.66082116665794	9.82081221586722	11.5060216886534	0.0806195545196533	0.740244929599511
"272"	12.2977662747774	2.26520400725061	7.43949245648947	11.5937678528143	11.9729482003958	0.0826813793182373	0.548615223707952
"273"	11.0158649056467	2.39896230989034	8.04710939500539	9.35643007784808	10.2572382249576	0.0784382200241089	0.66326744429699
"274"	10.5951555344544	2.73626397757156	7.95080264229998	9.91348738711446	9.18039649560311	0.157734899520874	0.28343214275284
"275"	12.8970965314105	2.56160980765892	7.90949443920152	12.7279094234159	12.1298771113188	0.126920299530029	0.307783649486659
"276"	10.767975324902	3.39544446709516	7.79426278512193	9.25109836444835	10.0699760926938	0.097868537902832	0.60301212507977
"277"	10.1079705737371	3.38611456025014	8.12682038302837	9.1503780308035	8.93905644533404	0.123680095672607	0.412844533492175
"278"	10.7258675346212	3.2759565443082	8.13784310795746	8.80327398250104	9.92900908976621	0.0969187545776367	0.634082269678895
"279"	11.5901656546648	1.60392906260237	7.81650954838293	10.3456702435795	11.072340822367	0.106599998474121	0.606882896473694
"280"	10.3309639069861	3.26143199014943	8.23179711568683	5.46383180502561	10.3623670372789	0.193990097045898	0.765653730765509
"281"	10.4819628124739	4.92311481517672	8.40351138915091	9.12869638293567	9.34757739028127	0.0922844886779785	0.508940059452505
"282"	11.0244920621614	2.35203563642247	8.42542468653437	8.49719454490955	10.3827915489792	0.0888582324981689	0.685462648556876
"283"	10.7242470984979	2.99808909943847	8.02040497157782	6.89972310728487	10.0836818483139	0.104174604415894	0.831071936704029
"284"	11.0260768080404	1.95487805579978	7.67473422958695	9.21253795551967	10.6006018536572	0.123405599594116	0.714407699286642
"285"	11.5003764007222	2.98421266656843	7.84998528619557	8.80131894766524	11.5134953025819	0.101384401321411	0.811018707648413
"286"	13.0782962121377	2.23172228944475	8.21198542580832	11.7457975403621	12.930287198605	0.113931102752686	0.717958087124771
"287"	11.6761179213657	3.25713301416767	7.78993272519665	9.89570736521717	11.5107731504021	0.0906462669372559	0.745437431365372
"288"	9.92997574034738	1.77236896424055	7.97847606239184	6.68461172766793	9.45954145760968	0.120062599182129	0.772519267822736
"289"	10.9994745835666	3.29932899667354	8.42099033208217	8.65486599654131	10.0979023570175	0.155543298721313	0.746435594886922
"290"	12.060768899322	2.70338434330679	8.3173697107357	11.6141996429109	11.0518102167699	0.15841420173645	0.287610377289645
"291"	10.0069602786144	3.54174185197114	8.69160202944793	7.99193051985248	8.59322787769223	0.145227098464966	0.478619588360539
"292"	12.9401179958126	3.3160863731322	8.08967933081535	11.9054066455201	12.3506447396842	0.0804041481018066	0.526271564680378
"293"	12.1709779033534	2.38215751008849	7.98709796691348	9.32901190169368	11.9314713126169	0.0793610095977783	0.829155050221235
"294"	11.1278560459496	2.38386717661212	7.82454269325965	9.36819845659176	10.4496996249724	0.155087995529175	0.599486164635628
"295"	10.6301229359664	2.63003548029193	7.46332803956684	10.711970331776	9.77798101729641	0.132060699462891	0.251124587176859
"296"	10.5567931890081	3.14074184872276	7.83716559480795	8.14089846060785	10.1538181636943	0.0729169988632202	0.8325177431377
"297"	10.457511574525	3.67740432866538	8.15535671587039	8.67077227934454	9.56381018496597	0.103563995361328	0.590136759220887
"298"	11.9955562045801	2.94027539466397	7.71963631635507	11.1841019025205	11.5411046752355	0.120132303237915	0.541645822252882
"299"	10.7800633007042	3.44114783633326	8.14540214365729	8.89521858376562	10.0274293617303	0.0832078266143799	0.710309989959839
"300"	10.6371657715423	2.50707403844883	7.92760919445543	8.79179002431936	9.74876170733297	0.120324602127075	0.6045518701482
"301"	11.2646455049098	3.77122449492481	8.48987618728562	9.34792603492875	9.98557432353424	0.0705862379074097	0.613981505047934
"302"	11.6698103179959	2.0651947335531	8.01806303318807	9.6973240212566	11.3277398105616	0.090046558380127	0.766170301046517
"303"	12.5405987412461	3.09630016025976	7.95803984119471	10.9615555858887	11.7089937674694	0.0945274639129639	0.640186276573353
"304"	13.4036012184341	1.87139806891838	7.86487453792282	12.0826160456029	13.7043443328539	0.0871332931518555	0.760591921893103
"305"	11.1694117597457	3.56583001906507	7.86444159617132	10.2943465082549	10.2748786803105	0.119521799087524	0.45253777000874
"306"	12.0850025988946	2.32586561804146	7.70636474855851	10.1636185559006	12.1116905349364	0.0882921123504639	0.779471035442767
"307"	12.8622375913675	2.4442772093976	8.00886761803031	12.1559628610447	12.5191994866564	0.103192100524902	0.541266957939561
"308"	13.7329169081532	2.60339789036002	7.88470702285076	12.0695825946754	14.0145999128571	0.0862392330169678	0.793504568065806
"309"	11.8329097661982	2.08123247859403	7.53658305420585	9.67004110822602	11.7094046610866	0.121937999725342	0.794836965394738
"310"	12.248330457235	3.97745380091806	8.48635099113439	10.056551928263	11.445534880564	0.0779399919509888	0.712294844638149
"311"	10.8587510006242	3.04327437958202	7.79167103065632	8.83666458635743	10.4851164080975	0.104740695953369	0.758913988758087
"312"	12.9985104044132	2.49687851834608	7.93250612524262	11.2094391609735	12.8886516794281	0.0794502401351929	0.679296803935097
"313"	11.9226738235627	3.20734600818738	8.69444431761759	10.2854110520613	10.6997552418106	0.13482780456543	0.533024821203197
"314"	10.5030926580747	4.65768072526496	8.26965121441399	8.20876404581967	9.68371331869152	0.100729999542236	0.588899893620924
"315"	10.5658709673459	2.31292391256189	8.10463626562404	6.50578406012823	10.4504232873142	0.0889647579193115	0.781329836539983
"316"	17.6423277064597	2.852151336847	8.20654326945456	16.9935643883122	18.6753229623259	0.103059301376343	0.725248299261999
"317"	10.8841936625634	3.45227731641542	7.83846704842377	9.45179524306165	9.99067391421504	0.114170999526978	0.512325679673193
"318"	10.8713761797116	1.73227565485887	7.74647632698197	9.43116122792075	10.3111835037957	0.145464096069336	0.660276258866416
"319"	11.6943233627338	3.28006192715635	8.24914994022025	10.025262609462	10.8397377621499	0.199708995819092	0.54983292012504
"320"	13.1538652835157	1.76043227242567	7.52729389605206	12.4610520163638	13.145775170095	0.0896861743927002	0.620023912113896
"321"	10.2963269812902	1.47438808990592	7.62074169008396	9.35001535404867	9.50725469574154	0.0858666706085205	0.448566666666667
"322"	11.1060670331128	2.41553722635309	7.61974476392731	8.49125980938973	11.2338198427359	0.0811972045898438	0.848610628106034
"323"	11.7480613053625	3.2245654248059	8.40280837134312	9.56500329315396	11.1575924773481	0.0969379234313965	0.649222903506659
"324"	14.2485504213355	2.9801889042049	8.12158699532886	13.3994025142076	14.0876476813306	0.10526909828186	0.597398738186425
"325"	11.4633528118092	2.38192987113583	8.16617837057415	10.0052315364194	10.7944399633951	0.0830756759643555	0.63596989028479
"326"	12.5145820091551	2.46244661727592	7.84946219806292	11.735220656529	12.3127947338271	0.0970256805419922	0.540956108470786
"327"	12.1722080738464	2.19922630918576	8.27139766744519	10.8471015800592	11.5133853592027	0.0793890714645386	0.599936435977237
"328"	13.0385917954516	2.02116480791154	7.92006042436765	12.0516444271927	12.9595761766309	0.0758497285842896	0.643995968261426
"329"	11.0059724219544	2.37478100282734	7.42235708932735	10.1772861946293	10.5627159398924	0.074283299446106	0.544706628160879
"330"	10.164457951629	2.69409809608589	8.20617403483135	7.79646924308606	9.1037568865734	0.116174602508545	0.45364622760535
"331"	12.8098595385727	2.43408331453849	8.41426044245587	11.1087095762625	12.2540386606583	0.0937495803833008	0.698799072828273
"332"	10.7306312812462	1.8197711952177	7.17751770088135	9.012133305952	10.8843480550596	0.0906848621368408	0.807054444209061
"333"	11.1720018028558	2.46956526147469	7.46680558603305	9.98520577882099	10.9365652686165	0.0960035514831543	0.622958816030154
"334"	12.2597871115297	2.30918256495136	8.13469798663593	10.9504731579155	11.6444360671724	0.0898630619049072	0.496913217181421
"335"	13.6176202934667	2.32007452605199	7.97253245778044	12.8445497842712	13.6518427334452	0.0650879001617432	0.634464102228782
"336"	12.5799032272925	2.65423742328285	8.29664567873043	10.2288627296335	12.2930436050364	0.08309645652771	0.840335713680448
"337"	11.1898729624126	2.87328504052738	8.36938835334216	9.42971683672115	10.175078352088	0.0929857921600342	0.640430516913164
"338"	11.3882895618473	4.50837076571041	8.1288500155279	9.84691720104773	10.2247373709567	0.132561902999878	0.554980881465084
"339"	12.8872480625731	3.02888716822179	7.82594702545492	11.487894795245	12.6991731025836	0.0951673316955566	0.723105220855157
"340"	11.958309664718	3.10336374455348	8.08402008663868	10.3452845898917	11.5810045857808	0.164492092132568	0.700790185205795
"341"	10.8513439682077	2.51930579239593	7.88063810949338	8.42726848388825	10.5860539535519	0.115668001174927	0.655314005662533
"342"	10.2115341981588	1.43635841999418	8.00186721535001	8.76545853150423	9.27096499379262	0.0762859582901001	0.578955972101133
"343"	11.3550401274493	2.39294204557688	7.89683410024658	9.35236063199661	10.8113024659292	0.115546998977661	0.714287772479073
"344"	10.5159229713979	1.70355840597656	8.14782551349267	7.39633529380081	10.0560798758993	0.101873197555542	0.824935377642435
"345"	10.9924612210402	1.83339657002407	8.00562555704779	8.65956043270316	10.4997107518143	0.0922634601593018	0.485523236375794
"346"	11.7546120562002	2.22766528636954	7.45085238728648	10.1215381567843	11.8466510759233	0.104416103363037	0.759120912580607
"347"	10.3560671591698	4.83728460675257	8.1122215625693	8.77477681604399	9.36400521952033	0.0936531352996826	0.556053597825569
"348"	11.2366033203976	4.0059857885469	8.05843940319107	9.84198441994208	10.4533127111511	0.0868530941009522	0.576564137540964
"349"	10.735976495308	1.47016779805659	7.50339709786645	8.89233653963801	10.4106665353819	0.0802945137023926	0.641814984443543
"350"	10.3028287093014	3.37701602688306	7.96353466241951	6.86380339145295	10.0354364436654	0.121731796264648	0.798746981204718
"351"	12.9107699231351	2.25832872951443	8.0024886982178	10.922461218544	12.5043830367711	0.0851312160491943	0.763484113674478
"352"	12.6553805207851	2.08080793227698	7.77676839878881	10.893660516801	12.7161499894046	0.0669819402694702	0.804072942164801
"353"	10.5246369193594	3.07722490957131	8.20779083253287	9.19614002257504	9.55485163741401	0.123286895751953	0.400448315977641
"354"	12.599921289186	2.31558671517394	8.0672875527516	10.8143234337273	12.3074688135355	0.103968801498413	0.74422021680071
"355"	11.5239143986694	3.15651932144203	7.3314080415259	10.8386392920512	11.0070873827153	0.126151599884033	0.483471372561597
"356"	10.9056323696641	2.64947120238968	7.41823176374314	9.07749445864275	10.7783519406411	0.0753248405456543	0.752793296089385
"357"	12.5494021707422	2.25733264892059	8.16090621891968	10.7888034801109	12.0784494791984	0.0765888404846191	0.717534320279127
"358"	13.5021728929197	2.66950195270251	8.52979676295498	12.5799748445155	13.1251295480243	0.0933495998382568	0.565451184674845
"359"	12.2182022985341	2.24661046018602	8.11289617765744	10.2144954502914	11.7661014927324	0.132250900268555	0.696430019625971
"360"	11.3407163730307	2.39787505656304	7.81853215175716	8.92092346223069	11.1998298534564	0.09559494972229	0.856162619142409
"361"	10.872741562975	2.96703961174375	7.66708614040082	9.03372251809891	10.0475446055296	0.104828701019287	0.68595949397161
"362"	10.3442189587578	2.58813824137858	7.70030640141993	9.20109779060925	9.26065318584977	0.102274703979492	0.460017497812773
"363"	11.7894614507005	1.64489222642267	7.92802610275174	10.7512210323131	11.1995289246785	0.0850882530212402	0.551139662361359
"364"	11.7475669624228	1.71199951244357	7.7970183620285	9.28730141311231	11.7948811730486	0.0723247623443603	0.844332352529074
"365"	10.6859580183428	2.21490209404631	7.54071090388555	8.73439915006369	10.4231738047343	0.0940602684020996	0.73546778637974
"366"	11.6247241975027	3.00411632107229	8.0161432894388	10.1915195637522	11.0516992016955	0.133910598754883	0.664191132319944
"367"	10.7940207180768	4.02700174334071	8.21441877180048	10.0463316965656	9.65213740933174	0.152755699157715	0.363264829518916
"368"	11.6097748385042	3.57298710417883	7.88282706393684	10.6146710955822	11.0712993580052	0.0782055902481079	0.571749955539748
"369"	12.7363041896971	2.10699829618946	7.83015348580862	10.9167779453282	12.1142698078044	0.113691902160645	0.698188873029782
"370"	11.8180517022721	3.86693927278078	8.51807057853982	10.1192035880215	10.7468419333328	0.0695110893249512	0.576361765179977
"371"	11.8369485554163	2.09500182517797	8.2157577514012	10.4795670665022	11.2537660594516	0.131340198516846	0.600979697368524
"372"	10.3756530129672	4.05356035720296	8.35830305076377	8.56293108309009	9.3467052464967	0.104562196731567	0.59621286999948
"373"	12.6555112376558	2.36499804035191	7.44838381726747	12.4040337643118	12.3660420778201	0.0929429054260254	0.460136651929694
"374"	11.4729446220476	3.08234350819692	8.08675943086569	9.98548220008876	10.8711365766854	0.0810377311706543	0.611793012064998
"375"	11.2296834181523	3.15221851504176	8.24717241398988	9.9089724827667	10.1498396889872	0.129694900512695	0.518354199586727
"376"	11.4728737001246	3.62633374762839	8.33121836099074	10.7350914762431	10.4445610614598	0.142346296310425	0.339412200543344
"377"	12.270338139015	1.70393658784572	7.94238729000018	10.2376714586393	12.2579627617841	0.072115650177002	0.809210273588457
"378"	11.5590782502327	2.77485730986911	7.69204597679089	11.2752772274531	10.9708671387731	0.16392879486084	0.398215545162594
"379"	11.4224049974994	2.71911166760136	7.80486926284894	10.2136891464178	11.0077339398213	0.0995668697357178	0.635876953557239
"380"	10.9307846544256	1.9798668526504	7.6872779863144	10.4190320250021	9.98677115667287	0.127696199417114	0.367160447950273
"381"	11.5479588461605	2.07642811169661	7.7231437060794	9.79584666101874	10.9505258056582	0.0854229545593262	0.678809248692627
"382"	10.5928868002208	3.75607633503623	8.36001650216752	10.383441512635	9.00454545899659	0.0675019788742065	0.189929534742638
"383"	11.4465163193741	2.55004715464842	7.88264629528532	10.5041904427048	10.8506566040552	0.130675401687622	0.508655467987098
"384"	12.6421559466948	2.24314789957937	7.5295230011653	10.6668601779856	12.7233653128191	0.0802307891845703	0.848263882743503
"385"	10.1420246697919	3.90557218076668	8.26356218440734	7.71779621101358	8.92890541228487	0.0991317462921143	0.569799924499811
"386"	10.8230699504563	2.95980234786353	7.80798952770911	8.42967259388674	9.78256208460725	0.135976495742798	0.722138462165356
"387"	10.6633887324134	4.0478554956539	7.97918712085553	9.74963682771787	9.76749599332478	0.156721296310425	0.461130042000159
"388"	11.7765330710313	2.80005773310672	7.72951476492026	10.1628473079833	11.5108032145891	0.0786792087554932	0.650152458888223
"389"	12.5371436856419	2.9827281205152	8.12697816031318	10.482205442345	12.4014297031358	0.100721597671509	0.767554548209506
"390"	12.5287218223486	3.67069592793351	8.37458091214373	10.8225743717123	12.1495710747451	0.0982266998291016	0.740394144629378
"391"	11.0080416699388	3.5934451565874	8.13948417851824	8.97221007835365	10.2693105253718	0.0816579437255859	0.605743576815613
"392"	12.8782428828047	3.8227005884062	7.86175737088435	11.738617765462	12.8286256732362	0.0723046112060547	0.669611691473021
"393"	10.6485789358037	2.02767886842947	7.41309381459249	8.95583514421896	10.3934163505891	0.120417203903198	0.679616097266463
"394"	12.0863338002832	1.86421684295003	7.86986774851183	12.477232728504	11.1375335898682	0.0687258577346802	0.197474015820456
"395"	11.3759065942775	2.81119796073209	7.66560230561128	10.2681653877435	10.894421827406	0.0842931842803955	0.529473622140105
"396"	12.0595551002121	2.42440848671	8.13283675199329	11.5875875692787	11.4027533923152	0.0795659399032593	0.406674385343595
"397"	11.888716904036	2.78812725331283	8.21930924601907	10.931605843591	10.9699553656554	0.0848337078094482	0.452659379698809
"398"	12.1419501826481	2.11782703328766	8.20712100626193	10.5638790763561	11.916275003505	0.135862197875977	0.63165912697073
"399"	11.5662416365123	2.73216076561178	7.54387029503877	10.6037592930384	11.217614365354	0.128094100952148	0.609243009626089
"400"	10.5175350899897	3.19835183388575	8.28772433800181	8.27868216297091	9.22473625225991	0.117930002212524	0.650570732332949
"401"	12.1113841472402	1.93641899833709	8.02008879982184	9.86141477611422	12.0728440641965	0.0886235427856445	0.734973297057638
"402"	10.7292791425233	3.80106911515839	8.2499899846623	9.02641753381525	9.47293537905132	0.0944524478912354	0.567543974510061
"403"	12.1185541767086	1.99369081635489	8.24593079434792	10.6890999607682	11.5564350446957	0.0769359493255615	0.647363984579341
"404"	12.5812333999782	2.15209789635892	7.93942456714861	10.825561529166	12.7092692421317	0.0784149789810181	0.743257210134182
"405"	11.6544568813736	2.7567969444125	7.64343342675323	11.4757115368762	11.1501893319385	0.0936044883728027	0.355245690711543
"406"	10.7869611264548	3.06174230808087	8.29967026712574	8.16251625014018	10.0241109948599	0.0868840599060059	0.626742958724515
"407"	13.3493536077128	3.28927396410237	8.18746297735175	11.3094987529588	13.0722378219968	0.0909296607971191	0.809139926734941
"408"	12.6086123923218	1.89142175544457	7.58734272344814	11.2776966805199	12.2977808916073	0.0894533729553223	0.69743150848369
"409"	12.0276376378376	2.42530779957694	8.08469815997541	9.62568980215832	11.7874159092356	0.0947246646881103	0.814456280212672
"410"	10.0074375592476	2.28725270153446	7.73456757628511	9.63102244588921	8.59692815943509	0.168641796112061	0.246809480401094
"411"	11.4536228708773	4.46727165032916	8.07466063558957	9.99779723200687	10.6004275313348	0.127594804763794	0.614217313487632
"412"	11.9959749098471	1.8580343647024	7.6594736339213	10.1844093255697	12.1461156133262	0.0805861568450928	0.827164180415336
"413"	10.5169294705825	2.97830134183203	7.98263123459052	8.43511508038063	9.64075822143992	0.0965320301055908	0.70828535900152
"414"	12.1362324214516	2.42994165936734	7.8983425415315	11.2374222614373	11.6998115882618	0.0925828838348389	0.559213059391657
"415"	12.378830700332	2.15650106085272	7.81158798018562	10.703132102291	12.2876848900668	0.0888319683074951	0.763512324872811
"416"	10.6392396954159	2.35181952212114	7.87005375054581	9.83793518429589	9.61853508465521	0.148275899887085	0.418270300333704
"417"	10.8452066004523	2.02859406444007	7.96895906271066	9.34931939925763	10.0537162657828	0.0986086940765381	0.57744099378882
"418"	12.7275838586941	2.20160036878295	8.19995630478785	10.9881868359842	12.1562046507099	0.119784698486328	0.674985543955245
"419"	11.7419533927094	1.77661108194233	7.29399019744075	10.5079128030353	11.6947302215793	0.107593202590942	0.724972497249725
"420"	11.433414716653	1.78585687708328	7.83595946490061	9.97039825781875	11.0709727054906	0.0824845504760742	0.670792285857405
"421"	12.3128155845082	2.72815808787608	7.86934485389337	11.5402098379973	11.9203220399281	0.0846076488494873	0.56177087343802
"422"	10.7667313052874	3.14021598711161	8.07986812210877	7.7621706071382	10.1208142185288	0.0892812538146973	0.775361866733217
"423"	11.4113743855742	3.88021692313598	7.86322258949714	10.2261868041198	10.7680638487236	0.148467197418213	0.523755419015366
"424"	10.1655254695673	2.32971495486752	7.87208379127178	8.06902932877496	9.34434665182392	0.0882209587097168	0.619225561873815
"425"	11.3070320432006	2.35573795718213	7.44889054132891	10.3840601331311	10.9349623902167	0.148830900192261	0.552797785025273
"426"	10.9437430709429	2.77152717829157	7.81771336898519	9.14952823257943	10.2707660792591	0.0896475028991699	0.69812871718002
"427"	10.3409386771261	1.72729250984672	7.52571065378408	6.38856140554563	10.4402732779717	0.091779146194458	0.889703778835401
"428"	10.8479940413446	2.36646018043383	7.98892935371071	9.28061242496151	10.0096927113824	0.106684398651123	0.617908540312274
"429"	10.8981254196202	2.6702391977537	7.56922644476109	9.56198267338684	10.2842500480039	0.100374002456665	0.618473046932781
"430"	11.8707114413441	2.35841604036591	7.9616866533331	10.9665072052788	11.5421152671008	0.0793465280532837	0.586902122177697
"431"	10.3148123806086	3.52735031549109	8.31072658436943	8.4277060249147	9.10331179921766	0.0990843296051025	0.507856658376667
"432"	11.418465805925	3.49526871292554	8.10132030784174	10.337378134828	10.6397660590567	0.198339004516602	0.491265836185905
"433"	11.1772327733566	2.36085761355771	7.65431632642143	10.2565710549625	10.2381366997679	0.113534498214722	0.455588700343945
"434"	12.9408787619414	2.66920091068854	7.71444623368229	10.9800246335524	13.3375570117028	0.085191650390625	0.84034375364232
"435"	11.06044363396	2.13203941579367	7.67634232991465	8.86389860431748	10.8279250095461	0.111538600921631	0.760523218973477
"436"	12.7372107921866	3.41622152004644	8.03839940899883	10.0586091894034	12.4028557942651	0.0883577442169189	0.805856538632106
"437"	10.6537843672717	2.40877858910465	7.96803822024955	8.40536737623398	10.025351140293	0.0981020164489746	0.669988137603796
"438"	11.3535333727172	2.69406325145317	8.16361022299217	9.42124938562205	10.7844412201206	0.0796689701080322	0.723587352513456
"439"	11.9365965550021	2.0683479460943	7.52629235820336	11.3523458302947	11.5584245050414	0.0826417255401611	0.525447726348451
"440"	11.8683123402564	3.7723109700428	7.7868414634179	11.0254745125207	10.8474907229768	0.142035703659058	0.401062634584777
"441"	11.3411758904349	1.8368056365904	7.69568901025913	7.63626960337937	11.2648101996205	0.0859834003448486	0.883347862018997
"442"	11.5453341185968	3.20573853438802	7.84022001595598	8.83608319099221	11.5107029971171	0.0819445896148682	0.871484470530692
"443"	11.5195156985546	2.49039543928859	8.19491846146704	9.52741132932175	10.8173553514775	0.151048498153687	0.653722149410223
"444"	11.7053371278621	2.27641634663824	8.23462958716173	10.0597217745668	10.9062862013518	0.092349328994751	0.617375942744547
"445"	12.4940323293736	2.05730621282078	7.84871055092188	11.0201034656438	12.5255367751151	0.0877402019500732	0.725509781855271
"446"	10.3265728782547	2.7046321771271	7.72608993193425	8.58260632996447	9.65841787088822	0.154280500411987	0.645191871728288
"447"	10.9859571357366	2.36919867555013	8.06954389850084	9.58905074277553	9.9943788927242	0.0980141925811768	0.559063760273623
"448"	11.3181992192047	3.12593762669561	8.42202060898196	9.62983986904815	10.5991565506396	0.11695369720459	0.572225631073503
"449"	11.7270216597587	1.93151643525217	7.92369270958445	10.1573154859813	11.2954657301243	0.102792701721191	0.622575078734978
"450"	9.49857159495814	2.78175626489969	7.73444837746553	6.24610676548156	9.03467660284629	0.131332502365112	0.595217823187172
"451"	12.7086126523606	2.46863092103964	7.8570694935225	11.7634273409977	12.5895477357467	0.0869793319702148	0.620835184362506
"452"	11.7141358207868	2.45682678743892	7.9082638956516	10.92900930001	11.1948941446237	0.0744007301330566	0.527709882139619
"453"	12.3477622032315	2.28019802256692	7.58559944280434	11.9818973121118	12.0896230953867	0.0842005157470703	0.470050037627239
"454"	11.3618415762292	3.34651299697645	8.53160961045146	9.9311027195691	10.3615134847099	0.135465402603149	0.534474889704018
"455"	13.4055583034854	2.47443724535959	8.39999154147069	11.5109936001204	13.0795038919417	0.134020004272461	0.750396328090733
"456"	10.9237459342133	2.20250611855732	7.83440759181767	9.61453801051738	10.0624551836318	0.110808401107788	0.541365536031772
"457"	11.939028152632	2.41470065042734	7.72434107359829	9.8513517981156	11.7734033359311	0.117417001724243	0.805596428815338
"458"	11.8822264379368	3.11308610947355	8.06403596131813	9.53510144266938	11.0466110222996	0.123555202484131	0.713630779031671
"459"	11.5038671233606	2.26313167802513	7.5800534312953	9.60346295688596	11.3346118655738	0.0915610027313232	0.713422069118412
"460"	11.9447215589837	1.59079081233981	7.9065416018634	10.1759163835251	11.7542153707569	0.101321001052856	0.73651107755154
"461"	12.151265655539	2.31116908688291	7.75954882725224	10.6509808628362	12.0785403650515	0.0784990978240967	0.726489060552791
"462"	14.7857337112445	2.03496662778913	7.53112581351633	15.0150879164559	15.23182162618	0.0965795993804932	0.469481980429969
"463"	10.9829953483855	3.3106437418697	8.44322853199002	9.03836510723637	9.80675636357636	0.125808200836182	0.578271809408542
"464"	13.7578829555609	2.74045303831401	7.96155989833477	12.1328834819118	13.7807959172005	0.0885339069366455	0.752492256009773
"465"	11.2619509018993	2.83123379769679	7.87829274228236	9.82612042895969	10.5555001897375	0.113537702560425	0.621929881407556
"466"	10.2910784255792	3.22531119787516	7.84536998999917	7.45182223652793	9.56773505683926	0.149450798034668	0.556827919295786
"467"	11.1455081064237	3.26400054941899	8.08358766028165	8.29079434738136	10.7721204788807	0.128206396102905	0.76428434013082
"468"	10.5280848693592	2.65303038904144	7.85135361466784	8.85851081303393	10.0511745304349	0.0886411857604981	0.6836223165841
"469"	11.4450053995157	2.98740373885434	7.95652078690676	9.31217467785745	10.9410751393665	0.120523595809937	0.736688243892253
"470"	11.6328409211678	2.15092012676458	7.46697939935074	10.7820141099893	11.072309749579	0.185733108520508	0.544451775533337
"471"	12.7774610516223	2.67031591182531	8.55446269778146	11.1024880152355	12.1269645010164	0.0707097101211548	0.645504752522977
"472"	12.5005561129984	1.9489028896341	7.7597107597892	11.6152744505199	12.2261350430047	0.0990464782714844	0.576839683046732
"473"	12.5257423535142	2.62562763019288	7.70508592195676	11.3907465314972	12.4918491535467	0.0740837287902832	0.701335694315987
"474"	10.8370240151612	2.57333021539464	7.05158183154973	9.16711966952162	10.8832412273209	0.0884588146209717	0.75816137754376
"475"	11.5166573778382	2.77599146996487	7.76238710627727	9.59696239228287	11.4534514309737	0.103897495269775	0.684652609245346
"476"	14.1608423615299	3.88058737860738	8.0076341611675	12.0765901877519	14.2093388872984	0.0995932865142822	0.835894423258635
"477"	11.9694972214361	2.26358246403788	8.13245180379199	9.68837417291718	11.5635330242952	0.172696094512939	0.625381235768684
"478"	10.4794339230818	2.30032529618504	7.75478931634387	8.74145611599836	9.81443773570262	0.0925193309783936	0.652054599237321
"479"	11.2927150672204	2.31828680406552	7.54243037798914	9.39191164737943	11.1945504807511	0.0772450304031372	0.784563939377596
"480"	11.670385317279	0.995150254894818	7.7376864183158	9.4118107476089	11.6924347376643	0.0806564331054687	0.827894201564976
"481"	12.7081546379308	3.44174999072096	7.83245828791319	10.9439585915982	12.7660854974824	0.133367595672607	0.759192886367924
"482"	12.1020340875086	2.24330638828942	8.21629791263428	9.58445240242632	11.6945634548522	0.0758700799942017	0.848790707880041
"483"	13.3431333822897	2.36088491118148	8.11789139634885	13.0380269649594	12.5681604136688	0.0672146320343018	0.355974482702216
"484"	11.2433909841976	1.67298801984117	7.94711484764135	10.2261868041198	10.4125616432633	0.118040800094604	0.489568620527307
"485"	11.8356830307134	3.62134375527718	8.24776225539069	10.7174575882604	11.0931890038245	0.0756631994247437	0.481620987835263
"486"	10.9906034367676	2.21173972906851	7.78394831022796	9.83590440121233	10.2893960030951	0.0845338535308838	0.548984847353885
"487"	11.1386686938788	2.79280333367391	7.57787593609714	10.2779778563449	10.7589023810253	0.0773378610610962	0.587236007788706
"488"	11.2833726107374	1.00882687016785	7.39125975443015	10.326563344904	11.0118026166656	0.083325080871582	0.600196152245844
"489"	12.2972199650833	2.23516452065834	8.06593467107488	9.24686514665856	12.3367148685207	0.0816668605804443	0.837662313796259
"490"	10.370807713046	2.04933386531135	7.28851463126479	8.63159273172473	10.0679845244175	0.0791341400146484	0.760565197754694
"491"	11.9374764551644	1.5160103194269	7.81218842148342	10.6977688300154	11.6370881075907	0.0796275806427002	0.660907127429806
"492"	10.8830449641857	2.59951881030362	8.26087992992789	9.82628248162716	9.46900549535747	0.0743652582168579	0.348725128564121
"493"	11.1097431333483	2.26656073150032	8.14062640418899	8.51177855871474	10.8453290652543	0.0873303604125977	0.671290782740705
"494"	12.2497761881163	1.36266019302993	7.69139594615239	10.4073791916992	12.2726465937798	0.0847605609893799	0.767855859997988
"495"	11.7210844997949	1.38944271422408	7.48528173219289	9.98539006815576	11.7321172182059	0.097470588684082	0.718688308839658
"496"	12.5427163810271	2.35180741773985	8.01716329671839	10.4960129717854	12.2210597753384	0.0839403820037842	0.699916914601311
"497"	12.1223315993938	3.19550948222121	8.30758945122549	10.8983306513083	11.3414607587094	0.0821110439300537	0.489164895655506
"498"	12.3561376091636	1.98079394465655	7.70610559691277	10.4546102330667	12.2585085369051	0.0754125308990479	0.776666150773471
"499"	11.9748653720346	3.31176005456756	7.72326337915664	10.1171058826253	11.8619189821451	0.0908197021484375	0.801080433529605
"500"	11.6268771470365	2.82859076514874	7.54425846326645	10.6392870515511	11.3890162022464	0.065199990272522	0.648958754177838
